Node:

1 2 3 4 5 6 7 8 9 10 11 12 13 14 15 16 17 18 19 20 21 22 23 24 25 end

Edge:

1 2 
1 3 
1 5
2 1
2 8
2 9
3 1 
3 4
3 5
4 3
4 8
4 10
5 1
5 3
5 6
5 16
6 5
6 7
6 13
6 16
7 6
7 10
7 12
8 2
8 4
8 9
9 2
9 8
9 11
9 22
10 4
10 7
11 9
11 12
11 23
12 7
12 11
12 24
13 6
13 14
13 24
14 13
14 15
14 16
15 14
15 18
15 19
15 20
15 21
15 24
16 1
16 5
16 6
16 14
16 17
17 16
17 18
17 19
17 25
18 15
18 17
19 15
19 17
19 25
20 15
20 25
21 15
21 22
22 9
22 21
22 23
22 25
23 11
23 22
23 24
24 12
24 13
24 15
24 23
25 17
25 19
25 20
25 22
end



